12 0.217807 0.196087 0.225236 0.272902
12 0.427712 0.211149 0.173349 0.356190
12 0.606958 0.200517 0.220519 0.260497
12 0.805071 0.192542 0.194575 0.336697
12 0.156486 0.455698 0.208726 0.292395
12 0.335731 0.536328 0.173349 0.308344
12 0.496698 0.530126 0.186321 0.352646
12 0.695401 0.434433 0.227594 0.242776
12 0.926415 0.417598 0.147170 0.333153
12 0.833962 0.678981 0.188679 0.303027
12 0.639387 0.774674 0.195755 0.303027
12 0.455425 0.861199 0.240566 0.277602
12 0.213679 0.755181 0.228774 0.373911
12 0.060849 0.613414 0.121698 0.292395