4 0.335407 0.213761 0.097681 0.159633
4 0.407447 0.143119 0.105008 0.106422
4 0.502686 0.116514 0.085471 0.119266
4 0.570453 0.166055 0.086692 0.144954
4 0.648598 0.207339 0.106229 0.135780
4 0.704154 0.322018 0.119660 0.130275
4 0.734680 0.447706 0.092797 0.157798
4 0.732848 0.578899 0.072040 0.166972
4 0.707817 0.677064 0.119660 0.124771
4 0.644324 0.773394 0.119660 0.170642
4 0.570453 0.830275 0.084250 0.196330
4 0.484981 0.837615 0.096460 0.185321
4 0.406836 0.825688 0.089134 0.187156
4 0.326860 0.725688 0.100123 0.148624
4 0.281072 0.642202 0.106229 0.157798
4 0.248715 0.523853 0.102565 0.152294
4 0.246883 0.436697 0.108671 0.132110
4 0.281682 0.308257 0.085471 0.143119
4 0.405005 0.301835 0.075703 0.152294
4 0.482539 0.252294 0.076924 0.185321
4 0.595484 0.287156 0.085471 0.130275
4 0.626009 0.399083 0.102565 0.152294
4 0.643714 0.521101 0.067156 0.154128
4 0.610136 0.605505 0.063493 0.157798
4 0.546643 0.681651 0.065935 0.159633
4 0.478266 0.688991 0.065935 0.159633
4 0.395237 0.621101 0.097681 0.144954
4 0.325639 0.498165 0.117218 0.119266
4 0.350670 0.377982 0.125765 0.113761