10 0.408668 0.331193 0.205131 0.478899
10 0.649819 0.266972 0.257635 0.324771
10 0.110129 0.298165 0.199026 0.372477
10 0.209642 0.719266 0.236877 0.377982
10 0.930222 0.600000 0.139556 0.425688
10 0.088337 0.631193 0.176674 0.348624
10 0.348838 0.589908 0.244204 0.412844
10 0.567400 0.545872 0.288160 0.361468
10 0.817098 0.156881 0.221004 0.313761
10 0.726132 0.877064 0.236877 0.245872
10 0.507570 0.849541 0.271066 0.300917
10 0.887487 0.829358 0.225026 0.341284
10 0.805499 0.455963 0.219783 0.346789