12 0.346710 0.295209 0.162375 0.087666
12 0.473087 0.271764 0.145525 0.101937
12 0.618612 0.311009 0.148588 0.088685
12 0.735797 0.338022 0.107229 0.091743
12 0.773327 0.429766 0.148588 0.095821
12 0.807793 0.533741 0.134802 0.097859
12 0.179740 0.443017 0.131738 0.085627
12 0.210377 0.584709 0.189948 0.097859
12 0.303819 0.375229 0.205266 0.072375
12 0.287735 0.506218 0.124079 0.097859
12 0.391900 0.547503 0.127142 0.082569
12 0.338285 0.622936 0.154716 0.082569
12 0.469257 0.683588 0.143993 0.089704
12 0.607123 0.655556 0.128674 0.111111
12 0.741159 0.620897 0.114888 0.104995
12 0.630100 0.560754 0.122547 0.074414
12 0.499128 0.597961 0.163907 0.097859
12 0.516744 0.496024 0.116420 0.110092
12 0.414111 0.455759 0.128674 0.100917
12 0.485342 0.372171 0.148588 0.086646
12 0.624739 0.414985 0.139397 0.088685
12 0.683715 0.497554 0.143993 0.074414