4 0.413689 0.502752 0.153930 0.143119
4 0.452172 0.384404 0.137438 0.181651
4 0.529137 0.333945 0.098955 0.165138
4 0.615035 0.316514 0.100329 0.185321
4 0.699559 0.336697 0.087960 0.148624
4 0.745601 0.392661 0.130566 0.135780
4 0.788894 0.436697 0.131940 0.084404
4 0.806761 0.537615 0.140186 0.099083
4 0.815694 0.625688 0.105827 0.139450
4 0.773776 0.712844 0.137438 0.196330
4 0.728421 0.810092 0.107201 0.192661
4 0.647333 0.847706 0.123694 0.264220
4 0.557999 0.853211 0.107201 0.198165
4 0.468664 0.817431 0.109950 0.207339
4 0.428120 0.735780 0.130566 0.183486
4 0.401320 0.656881 0.164925 0.176147