12 0.135317 0.436901 0.186884 0.122324
12 0.208079 0.358410 0.173098 0.103976
12 0.349774 0.319164 0.177693 0.104995
12 0.528233 0.319164 0.212925 0.115189
12 0.703629 0.355352 0.208330 0.089704
12 0.126892 0.533741 0.209862 0.101937
12 0.122296 0.640775 0.209862 0.114169
12 0.234886 0.706524 0.220585 0.139653
12 0.441684 0.704485 0.159311 0.139653
12 0.627803 0.713150 0.191480 0.128440
12 0.724308 0.620897 0.179225 0.133537
12 0.823112 0.563303 0.214457 0.114169
12 0.843026 0.451682 0.143993 0.137615
12 0.667630 0.439450 0.206798 0.100917
12 0.613250 0.526606 0.208330 0.108053
12 0.534360 0.604587 0.212925 0.123344
12 0.299223 0.580632 0.193011 0.130479
12 0.385006 0.497554 0.238967 0.096840
12 0.490703 0.396126 0.116420 0.085627
12 0.329860 0.421101 0.208330 0.100917