14 0.428812 0.583193 0.222089 0.309244
14 0.667707 0.478151 0.248499 0.284034
14 0.378391 0.351261 0.272509 0.235294
14 0.632293 0.230252 0.273709 0.221849
14 0.840576 0.653782 0.210084 0.289076
14 0.629892 0.799160 0.326531 0.378151
14 0.312965 0.775630 0.345738 0.260504
14 0.227731 0.566387 0.247299 0.184874
14 0.911585 0.484874 0.176830 0.236975
14 0.933794 0.218487 0.132412 0.326050
14 0.758944 0.125210 0.241297 0.200000
14 0.828571 0.310084 0.147659 0.216807
14 0.523649 0.122689 0.183673 0.171429
14 0.150900 0.185714 0.208884 0.240336
14 0.058043 0.372269 0.116086 0.247059
14 0.164706 0.398319 0.135654 0.245378
14 0.319568 0.203361 0.207683 0.141176