14 0.072759 0.239843 0.123821 0.226516
14 0.129953 0.439446 0.127358 0.284828
14 0.172406 0.713060 0.158019 0.262400
14 0.178302 0.109764 0.141509 0.199604
14 0.233726 0.277969 0.132075 0.231002
14 0.286792 0.502243 0.143868 0.298284
14 0.431840 0.504485 0.129717 0.311740
14 0.362854 0.267877 0.112028 0.264643
14 0.298585 0.086841 0.153302 0.173682
14 0.621698 0.207323 0.132075 0.210817
14 0.675943 0.397955 0.150943 0.237730
14 0.804481 0.482058 0.143868 0.141292
14 0.901769 0.371043 0.161557 0.210817
14 0.864623 0.129948 0.143868 0.217545
14 0.760849 0.255542 0.155660 0.231002
14 0.727241 0.086215 0.161557 0.130079