10 0.256738 0.401849 0.163121 0.219520
10 0.379078 0.147501 0.150118 0.280733
10 0.441135 0.418735 0.174941 0.223742
10 0.587116 0.141169 0.161939 0.251182
10 0.749054 0.327972 0.119385 0.287065
10 0.815839 0.773345 0.146572 0.320838
10 0.649173 0.772290 0.156028 0.280733
10 0.313475 0.689970 0.139480 0.246960
10 0.187589 0.835613 0.159574 0.268068
10 0.458865 0.929943 0.179669 0.140113
10 0.594208 0.440898 0.126478 0.314505
10 0.745508 0.080610 0.145390 0.161220
10 0.491962 0.699468 0.160757 0.219520
10 0.315248 0.950650 0.154846 0.080209
13 0.113121 0.549603 0.133570 0.265957