10 0.266194 0.402904 0.165485 0.221631
10 0.447045 0.415569 0.158392 0.192080
10 0.591253 0.438788 0.132388 0.306062
10 0.312884 0.681527 0.140662 0.225853
10 0.184634 0.822948 0.170213 0.230074
10 0.811702 0.765957 0.145390 0.344056
10 0.475414 0.923611 0.174941 0.152778
10 0.306974 0.953162 0.133570 0.093676
10 0.742553 0.348024 0.132388 0.284954
10 0.573522 0.132725 0.186761 0.251182
10 0.370213 0.144335 0.153664 0.278622
10 0.743735 0.073223 0.179669 0.146445
10 0.652128 0.763847 0.152482 0.251182
10 0.497281 0.702634 0.178487 0.259625
13 0.119031 0.560157 0.152482 0.211077